p 9
block_widths [2, 1, 6]
H_rows 9
H 4.35163019462419979e4 8.46178940443258398e3 -1.69974474792041860e2 2.84604366576406901e4 2.44287502563858106e4 1.62284086249874308e4 5.71360941870093302e3 9.13447605028621297e2 5.68144937856160048e-1
H 8.46178940443258398e3 5.76407719636926558e4 -2.44047637528476685e2 4.27706877937540230e3 9.34148788899664578e3 1.29909048637469641e4 8.28962979177350098e3 1.72974940071855599e3 1.23005214362331938e0
H -1.69974474792041860e2 -2.44047637528476685e2 5.28725078777226898e1 -1.63255152846553557e2 -1.27765948657702126e2 1.43976201952433716e1 -9.64419458858575638e1 -5.55015815044745793e1 -3.80111635295077160e-2
H 2.84604366576406901e4 4.27706877937540230e3 -1.63255152846553557e2 2.08489268699629756e4 1.76055286784004056e4 1.20135062364295572e4 4.56277222955546858e3 6.10715717298053505e2 1.71488391046532684e-1
H 2.44287502563858106e4 9.34148788899664578e3 -1.27765948657702126e2 1.76055286784004056e4 1.61799289593947142e4 1.17589434040500400e4 4.56972762460288141e3 6.13847689161930589e2 1.69833922703001267e-1
H 1.62284086249874308e4 1.29909048637469641e4 1.43976201952433716e1 1.20135062364295572e4 1.17589434040500400e4 9.85820539239158461e3 4.40954357228873960e3 6.19531315600302605e2 1.62011848617425847e-1
H 5.71360941870093302e3 8.28962979177350098e3 -9.64419458858575638e1 4.56277222955546858e3 4.56972762460288141e3 4.40954357228873960e3 2.65195107807055638e3 4.67704358925627787e2 -4.64321705129548068e0
H 9.13447605028621297e2 1.72974940071855599e3 -5.55015815044745793e1 6.10715717298053505e2 6.13847689161930589e2 6.19531315600302605e2 4.67704358925627787e2 1.27149957582727481e2 -2.16572220522633927e1
H 5.68144937856160048e-1 1.23005214362331938e0 -3.80111635295077160e-2 1.71488391046532684e-1 1.69833922703001267e-1 1.62011848617425847e-1 -4.64321705129548068e0 -2.16572220522633927e1 5.79452232572059103e1
A_rows 6
A 0.00000000000000000e0 0.00000000000000000e0 0.00000000000000000e0 1.00000000000000000e0 0.00000000000000000e0 0.00000000000000000e0 0.00000000000000000e0 0.00000000000000000e0 0.00000000000000000e0
A 0.00000000000000000e0 0.00000000000000000e0 0.00000000000000000e0 0.00000000000000000e0 1.00000000000000000e0 0.00000000000000000e0 0.00000000000000000e0 0.00000000000000000e0 0.00000000000000000e0
A 0.00000000000000000e0 0.00000000000000000e0 0.00000000000000000e0 0.00000000000000000e0 0.00000000000000000e0 1.00000000000000000e0 0.00000000000000000e0 0.00000000000000000e0 0.00000000000000000e0
A 0.00000000000000000e0 0.00000000000000000e0 0.00000000000000000e0 0.00000000000000000e0 0.00000000000000000e0 0.00000000000000000e0 1.00000000000000000e0 0.00000000000000000e0 0.00000000000000000e0
A 0.00000000000000000e0 0.00000000000000000e0 0.00000000000000000e0 0.00000000000000000e0 0.00000000000000000e0 0.00000000000000000e0 0.00000000000000000e0 1.00000000000000000e0 0.00000000000000000e0
A 0.00000000000000000e0 0.00000000000000000e0 0.00000000000000000e0 0.00000000000000000e0 0.00000000000000000e0 0.00000000000000000e0 0.00000000000000000e0 0.00000000000000000e0 1.00000000000000000e0
b 0.00000000000000000e0 0.00000000000000000e0 0.00000000000000000e0 0.00000000000000000e0 0.00000000000000000e0 0.00000000000000000e0
mode -3.56015636812860026e-1 6.18214184530852084e-1 -3.31569316334280817e0 0.00000000000000000e0 0.00000000000000000e0 6.35419771702272040e-1 1.17774503536421410e-1 0.00000000000000000e0 0.00000000000000000e0
pgrad 8.19667194527035292e-1 1.31997445322948863e1 8.31218403445342702e0 1.40000876254799294e2 1.18796211995625583e2 1.91682678931098205e0 -7.46735252378000780e0 1.07865792947851517e2 1.17392524705218094e2
